kinematics:
  shoulder:
    x: 0
    y: 0
    z: 0.1624735369257189
    roll: -0
    pitch: 0
    yaw: -7.572333294778023e-08
  upper_arm:
    x: 9.218263009125844e-05
    y: 0
    z: 0
    roll: 1.570196797697793
    pitch: 0
    yaw: -2.952251405797615e-06
  forearm:
    x: -0.4252463892508894
    y: 0
    z: 0
    roll: 3.141040576149179
    pitch: 3.139325003108078
    yaw: -3.14159028514787
  wrist_1:
    x: -0.3922970646252456
    y: 0.0001630718222630595
    z: 0.1335716582687703
    roll: 3.140371797733411
    pitch: -3.141233923434166
    yaw: 3.141588293003866
  wrist_2:
    x: 3.934416195029386e-05
    y: -0.099680971175768
    z: -4.351158997061862e-05
    roll: 1.571232835254774
    pitch: 0
    yaw: 3.684419501680247e-07
  wrist_3:
    x: -2.068690468241446e-06
    y: 0.09946591794439329
    z: -1.257248649033242e-05
    roll: 1.570669926851245
    pitch: 3.141592653589793
    yaw: 3.141591984251934
  hash: calib_15464874905915515240